1.216473844625892
0.4910906898347962
0.5820742691586825
0.2861885111211093
0.1856401676336689
0.19146001913732144
0.08960712626008167
0.07912996505275538
0.14079287370267904
0.2570743071092809
1.2276536665988063
1.234207147666152
0.1425134897506305
0.15280864143941852
0.42124880375169166
0.07527553235171025
0.19218657933607647
0.2679604740303861
0.1547001785105756
0.23592295090051363
0.30117055573464696
1.5559394047381907
1.4159229196852945
0.6809506043044766
0.11350356741658484
0.2927921745311534
0.34034944744701784
0.22055980893999044
0.07683018100797709
0.2639714728147338
0.1736746912975997
0.4018525898521636
1.618176039801885
1.5953587138434309
0.08278834153206494
0.1620340408238378
0.10164923203310072
0.12641005032730074
0.11592150852266017
0.15570997406595155
0.048306295430610206
0.15567935087650595
0.0927059644255011
1.7815212380107386
1.8473795726526572
0.39676551200230836
0.09102941550223861
0.13381188758827658
0.09821663950206423
0.11185808455991605
0.15334392397415492
0.17194075406786546
0.9396252829577798
0.9042647609628478
1.7470348748534001
1.7417539099239403
0.12225136241487272
0.15839439378166192
0.1302813237690601
0.25121163696071513
0.16190713299392676
0.14164981430755996
0.25061976275719144
0.16665804188104308
0.10053785109066866
2.01982539009346
2.0528692864555436
0.11720916949500959
0.159421445704598
0.26014067092601917
0.26499540805229455
0.12804272963947894
0.32565765904085353
0.37145906557787706
0.09897953793545508
0.15937684747989384
2.0953779377158672
2.0590741245760067
0.3993812277779981
0.3342773385143709
0.11852933164303324
0.06769753085807349
0.20495322515426753
0.14791074202367527
0.09170209562559378
0.16121905338880338
0.1624476718384208
2.035787267500262
2.010919771688068
0.15924671050460154
0.07545684842201007
0.1231119585403206
0.08819301237807067
0.12200165152376977
0.06646088234967609
0.09696757074665675
0.06122884711606829
0.15097758850832263
2.2789375617275427
3.8923734555120775
4.859799907221116
0.08114018303055559
0.04749214011989973
0.057733942932855595
0.07848337278934478
0.2107378142374047
0.10910034690322655
0.24604358882249966
0.2765830456838275
2.4454655181101623
0.5584108541943017
2.5051625607927717
0.09007798271240995
0.08497656361307004
0.10805832511704573
0.1421024693377772
0.12274947665777923
0.08491813504777318
0.07529427020931362
0.09879297251477741
0.20407911476523233
2.346482676275026
2.5148506243695152
0.14649515135431504
0.2786933851758262
0.2951180282254913
0.0973529546869155
0.07924503498451826
0.07684213223622038
0.10039924786710364
0.06387589738220249
0.08377149062172766
2.6723201600326076
2.638284654486598
0.04053042806732536
0.15086215463688607
0.08145256835373434
0.5773161507206065
0.7013916397719936
0.10333511632388363
0.15804826968434782
0.1589590112748397
0.08859981797117605
2.4420380825882484
2.593257725777719
0.11237515402694505
0.060765665643922
0.06936910627748458
0.07342178322287812
0.12763264217532205
0.07702051356264944
0.0961550876962761
0.12389934212154928
0.2562168081894271
2.689976574306336
2.7727443151525546
0.20986048250506426
0.12952839015706913
0.059493876460859955
0.21257458699594592
0.3178536831691204
0.1767111014850266
0.12621472661429592
0.1093942079029219
0.0618192954963135
2.947406674472056
2.924049853742816
0.1736339181069589
0.10468689731199589
0.10435759467245985
0.1074441911778265
0.07177711024569443
0.3201075791052615
0.2783173391627241
0.14964041754886834
0.08821321589030354
2.3966727519383735
2.4154341275724702
0.40344053247263434
0.21675236698526631
0.11119429334146612
0.13000101178572404
0.24338753953140954
0.2618715332102619
0.289849848564453
0.19433280057268515
0.15883936031995508
2.7207583428911697
2.6543450802324613
0.696971465385002
0.15897052141354276
0.36885160704901115
0.27701737252844305
0.5164412616843244
0.12839348552622654
0.07559173717331778
0.04791789802237247
0.09094970552060853
2.4812419051464616
2.5204418763160397
0.1382942722066834
0.11988974019306708
0.08625601763917033
0.14416872224528296
0.12686474459323396
0.06939044858078282
0.2069620509512296
0.33939619272921107
0.13065659739180926
2.4398928953638217
2.4941244290965607
0.06446740699765113
0.07389682508420425
0.11740483607409527
0.10866872825621178
0.10848161231844984
0.2461630217564893
0.11086974809632895
0.3143904052180507
0.17704291637897146
2.4392770579408087
0.6882641425857204
2.716897010666701
0.06368944298567794
0.1687967372073901
0.2119451973273055
0.11478476831852193
0.06490696085281916
0.058083275435218504
0.060856075863744474
0.07216179900673207
0.09191025361325181
2.533889503023118
2.4585623553833087
0.08824490582293344
0.1154294694643044
0.08528640389116657
0.0725045347578283
0.07754128228393979
0.0832073348594044
0.0650207003096229
0.0752080434317757
0.05696784430863454
2.5027066264482563
2.4874179387895783
0.16574147351857385
0.23677392645445766
0.31726110890882986
0.13861569863572593
0.2360655403313868
0.21098988470779587
0.048965424664797884
0.08864142581220248
0.08840320270446783
2.5572092346016326
2.487910280886552
0.10629965743724971
0.5124915518820217
0.048854002108311555
0.05997255060660565
0.14013212129444932
0.17123646349026192
0.08393760298439894
0.08214563014608915
0.10087057286983075
2.6312105717681056
2.6953223238268564
0.19408851122268606
0.16518762856711297
0.10132883586075388
0.131417776564126
0.1553401974675837
0.10793293781837905
0.05839242595553426
0.15762756415625087
0.041643330989264433
2.6716869880245713
2.6945360147716464
0.07443781420194723
0.13227637804498596
0.07722109810482146
0.08029663939602887
0.09802751832884458
0.15975527567719758
0.11723296969867862
0.14356723499339394
0.11746948128450807
2.763333504689731
2.8236646552262687
0.12868693942482579
0.1264634979427695
0.06471286680595315
0.1587773249638226
0.13675081788254087
0.151255051607142
0.0773575938672103
0.09117892732243474
0.11568021819418278
2.893937791567582
2.8697482799424088
0.10741964067944049
0.08132153796854233
0.06833895469435397
0.30336070964033784
0.053966791079379
0.06642568135911069
0.12310109825716381
0.12607177319016405
0.11696553156124263
2.884138694196747
2.9044999208431492
0.08795592726585501
0.08784518495071164
0.12042354927009356
0.10325860826297162
0.07005079652952957
0.04983261649593595
0.09606095403805674
0.08012999381877195
0.03588431854121892
3.078488815305664
3.030753046047064
0.06665726538090447
0.1114518564760714
0.11280479064544231
0.10818076255997301
0.0702995686946518
0.07393644065387718
0.06423965182149405
0.0722330562838909
0.05857152795269644
3.0745502338131816
0.8898298985927174
3.6163977977973714
0.12954592515431254
0.30655801117123654
0.29695846324363556
0.05071812367179176
12.748921356917524
0.5785143316086646
0.2674757722311449
0.3464814134086761
0.2146406328520372
10.552710573157944
10.501092409653584
0.2993185875962711
0.4551761540188268
0.14661870735093416
0.19055770834484845
0.4545135840282318
0.2051874392473707
0.23797604284398133
0.373557285680901
12.452839724558054
3.220148991684112
3.2055733029276365
0.09574039417192634
0.09570647470779076
0.043974865776861424
0.15755976880597106
0.312363103171943
0.11668272829943711
0.06989092012332064
0.1276303693633165
0.08174282500822143
3.2868086633686913
3.260220403567146
0.17899309329149155
0.045754523225840275
0.10615477642664285
0.05667787236129694
0.04920673356176159
0.050701773136001715
0.06660070059686364
0.1304606391491728
0.15228184972829437
3.4281610595850776
3.458806982397023
0.0645150848974111
0.081498131546899
0.03903706857192166
0.0591389833840814
0.11834599940779497
0.0936529612384316
0.12389834708712058
0.12590108247115323
0.07422214999670461
3.582968594713744
3.6044824481560327
0.11825379185176553
0.2505364928004621
0.2542606586970499
0.1253745247566866
0.08858509670690813
0.17052622376245283
0.1803015315536152
0.048104457431797865
0.10232968457207563
3.585970116870032
3.6000229818624305
0.09610913029821112
0.046063569082455895
0.04048881369357771
0.1628849468862654
0.15927397113048142
0.09904819899853694
0.07442939707791775
0.037301486234758936
0.07758677657881341
3.5102619503694203
3.533431792292563
0.09875054965032144
0.07105108814760738
0.08476949622763409
0.11335382654772516
0.16734342800111524
0.1908809162810107
0.08626766811540823
0.04236522382140554
0.08757472326589785
3.614966838625845
3.639830049951295
0.11043309508297638
0.10567246017703243
0.0812601489885506
0.0787535549354794
0.09381934942586465
0.087375213030884
0.10109903844497274
0.09939487459346623
0.08997300251094088
3.7290508440202816
3.627737224222903
0.05454095957001864
0.1290397106192854
0.1513738042758377
0.054795052465157014
0.10771354829642965
0.34736452339228285
0.1513467038305156
0.16650043357497313
0.025345784132756486
3.6369391668513757
1.1297598737949832
4.449801457750359
0.054257381343194806
0.09706638134772068
0.1355538374494635
0.07805831940509757
0.16282574393463028
0.23552100169818466
0.13783242036775817
0.13558342973960152
0.2057705582768346
3.6750089654107034
3.6732100036039297
0.06380361339431179
0.12967605159996554
0.06016882182328716
0.11848821074348018
0.3202015197108214
0.3812440840394056
0.08912901892048865
0.09693645068482477
0.07285800274133533
3.615416754147643
3.615385641192007
0.050232672121555993
0.07624678025365607
0.039955933887425805
0.06499869923717512
0.05961814459791495
0.07926510620015371
0.08690045721395921
0.05016573126197038
0.1103564845291531
3.792526348977661
3.7845100476152407
0.15954156492716826
0.05569708057920941
0.4664991180147536
0.46813032440827046
0.052110908891114145
0.04397914936227304
0.24240750317862195
0.07664146931952939
0.08341918164658767
3.9443404342234056
4.029357584238814
0.20033242387872388
0.1279398554521113
0.06437304538315113
0.08764529490996421
0.033830899943681686
0.07569122998695149
0.10010152719620169
0.5182242497635506
0.5441460490927724
4.011826323699054
4.055459018569459
0.052771967522242724
0.08666914277489822
0.0687855376229988
0.06303358224216685
0.053647810242211894
0.06105712141365104
0.06569106757168262
0.0687765459106364
0.10445850336560215
3.9230147374390927
3.8766731402456482
0.07356411903518587
0.07888491091497805
0.0721211318536395
0.05742283268550804
0.07611965293714101
0.07832126989453415
0.1094875567358778
0.09384313676030097
0.24028307903513696
3.8943966828370224
3.8884016594572057
0.10608046623819761
0.10378497287403005
0.04562517241807665
0.09237710729576634
0.10416193870929549
0.07733239943514646
0.04728704673323302
0.06994557612417612
0.07158977463930834
4.039163441230829
4.020740133648124
0.08480425299548505
0.07533772637989199
0.1732961832952291
0.05307869799487685
0.04647985107385148
0.05363238658741337
0.09479323849768431
0.09904245537301938
5.7663077908400515
3.6662263686123784
4.194853534057259
0.0804514192618965
0.08437660573629376
0.08990866057341851
0.06417337636671953
0.11487844225010897
0.08584582939566654
0.05964048341204653
0.08767797700062605
0.04602663727640591
4.030154274172426
1.1618454811303085
4.864311688831983
0.0913359910182795
0.10613598106569025
0.13961988429640884
0.09579612150892813
0.05359507423756387
0.15530748606911934
0.1360714284785826
0.07039472525729672
0.06878633232507393
4.218223091353748
4.284555175881302
0.18965875479946834
0.1869470579930257
0.12589839553536314
0.0906383045252912
0.07195843874570136
0.058872488048143906
0.042838087550530146
0.06792229496246141
0.1413340218326915
4.362533572874301
4.356282255766244
5.403671452187816
5.364885659828446
0.09459403246175827
0.10850025560142625
0.10276021255782399
0.2162592817750625
0.14948395048216734
0.05748253425500912
0.08953470852314002
4.43124982750631
4.428376428630633
0.033041851383982315
0.11327842282210752
0.18040800730636694
0.13585483491972733
0.0922034573406163
0.10424206623373063
0.07534247259698433
17.795910781093486
17.814733544804852
4.429239640245318
4.042662415930283
6.610543802679711
0.09058518356273329
0.05934279266439076
0.10965109262835965
0.06595729667289764
0.06897429612083818
0.06303279464633725
0.11667816122013452
0.09384475057987633
4.470548144019075
4.5827976148648375
0.1593971659813615
0.07378062580129592
0.09233506641222675
0.10529028757396151
0.1191134746298414
0.1785046100833667
0.12462849997705629
0.1282438400512647
0.05264610895443226
4.722220034172859
4.722491626625983
0.1358537743388644
0.08552432915836414
0.10923344922569547
0.08020434120003228
0.16460254593211948
0.08622146681083616
0.06774182871560674
0.08725120888696036
0.1537051982229857
4.737535066841297
4.665503315745219
0.0913921762026705
0.04878211356837756
0.08037695947375724
0.0497963619781017
0.05703578302959824
0.07614844477619188
0.06701734925565819
0.17702594686360965
0.10634385881758181
4.72673124316112
4.688300543455585
0.05436707784450299
0.2163601522408366
0.1220535146833003
0.13319277702589075
0.09820044092391438
0.04725707623564751
0.10512181286254557
0.0734866455967655
0.06755435539648877
4.835477640793238
4.93004986937315
0.09981698898455804
0.07275980218765796
4.644396197503814
0.35413685972885484
4.754138561675489
5.481633832504551
5.591935710027521
0.14485829021317426
0.06376714848234512
5.086556776513838
0.7582402690739021
5.6252417727554604
0.11686289159679866
0.27572505614859644
0.10283435305872468
0.20921324337298122
0.11876362292295102
0.09792688784847882
10.712967970722183
4.416972810758673
0.27245860210007333
5.762853716984944
5.787591543511142
0.20196904827777676
2.3826184532177193
0.183872178682808
0.1929298563846943
0.27889570277276526
0.2078938551546946
0.1075207855709432
0.2286040720834593
0.2626606426169148
3.9184115501140804
3.928208529009393
0.1497010772960026
0.1379120723254258
0.17707727888289257
0.04286311886244499
0.14186600595244953
0.06600121521091498
0.2771654072933075
0.1888735124655814
0.2012147374628158
3.721183501361856
3.774419875871876
3.100673234294863
6.149583072961771
5.3800768981928675
0.18329483187438525
0.08671324786672645
0.17997559926197965
0.17082329868118834
0.16649592614491796
0.19942251079397508
0.9016960377353764
0.9119117419971583
0.3033494109325861
0.13357002704898777
0.2986854400868952
0.17650111359767992
0.15631587883371037
0.14996132790995212
0.422005748005545
0.3231007708772068
0.41192317688230023
1.0493300111280341
1.0089892304299604
0.20100251029220426
0.05459833973905313
0.08383573787181758
0.07256995942558127
0.1427355897953043
0.19044821580814325
0.5113319783479289
0.34102706955456435
1.0028754362682295
1.1709195753423898
