25.382919254658386
18.518936006597748
15.101931953249185
16.324334598746372
19.054759610236644
16.17445278298937
22.893418541806216
7.9370225714697895
12.53190583137677
2.7587641293149026
16.114680831170997
29.097584107018072
18.94957848082316
5.356212328980646
8.84133888108547
9.282949485100561
17.701737467066263
13.099870995582753
5.0373773087030225
8.209581869042157
12.726153809697681
12.548713641352698
9.321223219148733
5.673486697072529
8.73198619578171
7.966256743698582
4.089278484522218
22.533744126102118
9.879638933578116
13.002271485094393
3.801019276790038
7.530148560601189
6.0426784856310265
13.320593086797468
17.22340879924931
12.564434484792873
16.45021808829742
10.648046128731655
10.948767171136385
28.317530173801092
27.272906929197905
5.733780021885147
10.745390622538949
7.073454809938005
13.383580328151188
10.460357082093175
19.101192383547218
18.97764809902741
3.310157608377828
12.199239677418536
10.553261041647723
15.83925136089672
11.33256328615608
11.947902629706196
19.311972119653454
19.54241767438628
16.116747035656235
9.186118615771067
5.196534638173467
4.375456499092388
11.770783083974871
4.401872171122254
2.737719284500122
4.760203710803376
11.301321501320931
28.156373209428118
18.913011135714257
9.35139824348742
19.448721742168544
5.253829644145178
14.480353950833152
14.896036235719464
8.697172404501734
27.334463887441363
17.838762044407204
19.122956719922453
27.5278463342614
27.861150453383985
3.4332103678496595
8.617662792184007
8.535203135546267
29.59069891558498
0.0
27.517561881590836
5.676900987961388
6.647772208683364
7.626865074187824
10.603669234023295
12.667551091042078
27.384248241271916
16.16161616161616
13.945863746549007
11.903566632310824
7.986783682101373
7.706175991325447
2.4717068653549608
20.209546625493278
21.02044674455617
8.533975916171249
10.201571994532015
8.315176188874105
10.612691811347123
7.757858004137949
15.17148584182964
19.44601450697978
10.361882148228043
13.301664151028984
7.215337764220074
5.617050799901427
6.081091218746669
14.778591370552371
7.048841572596397
2.9000025181635163
16.49369358006055
4.233115716652382
5.692839278192144
8.620469409070147
15.111213412011004
15.23082218009251
11.675216771351185
13.299447980028383
13.357077072860594
7.075219808408238
13.150983050275803
27.819845916609445
16.912587412587413
18.09573895234857
11.323472473648334
10.28086003179218
6.277135435653821
6.1242793291378845
18.067172569159514
9.347631771387247
18.32677137745183
10.79052695843732
5.183556350627728
8.809810055329814
11.914612386131939
19.998775839266653
27.657149906450584
7.578527729679702
6.63471413486825
3.079256975143414
18.702168286722152
24.056999454535223
24.056999454535223
15.638865803539815
9.884208584862296
5.09159759985261
4.147340889324422
7.661500104784656
7.287216531038255
19.122550774108618
18.771175656485493
11.589549082897449
13.27894934064386
8.177916339545238
9.01302320119555
9.105364223874362
18.854887392437583
16.434803921568626
28.132266134741595
5.530989055917982
6.664596638539105
5.0862491975111235
13.18916374919867
16.352121128584546
7.739346204091396
17.012156361310574
19.235618157462717
13.13169293363241
11.306466420251121
6.144852350165097
9.480476315262308
29.96510933357912
0.0
27.13165417982694
3.8091163388158336
4.58022489782661
8.888492011781972
6.7037322297066195
5.747163395251785
13.51720290109921
14.710630459354475
3.4347222821054224
2.8269942274455944
3.8942473236558706
12.543659816119419
14.006015956247806
14.890348849604782
5.014937526654857
12.096056202432758
3.849432739943497
6.946342700016797
27.663118090000808
16.434803921568626
7.750840178672956
24.339932018542704
12.659393695806928
8.135237437453647
6.762995147057325
7.633303648117404
7.776128230121103
18.09069997747561
14.810980650579623
15.929950577569713
3.127743497127605
4.947283514334271
4.232629195900247
27.712038522087383
29.168640170867583
21.95714191657323
7.2434795095148345
15.439591086434076
7.119164770553549
7.49227372798515
4.411956592626783
10.275853317038896
13.118233959086224
20.813024808332223
16.502485188714925
13.999062325275307
4.868851503903916
14.218580800410402
11.919875205133984
8.140058823293723
8.22205049611226
26.54608640204049
0.0
15.535714285714285
18.676323435759343
4.636724240811562
17.751543306883505
18.01440802076514
6.7394240680661595
17.32006358977727
16.85238095238095
16.912587412587413
19.92906961899722
6.634953915661353
4.5176856975415465
5.7445586841940095
27.43910664516406
28.94253663269373
12.920218136434103
12.196211570487328
11.579186891035686
12.108137854091563
8.797734147198575
8.049335635905958
28.688460785894748
29.811818225118262
19.228615472316637
3.8600689096668814
8.517860771893837
2.924220301015825
15.06822671019635
6.2382003964102095
13.64961392339693
12.116570582599879
10.230621995389273
3.7769826601938368
7.952338747829911
15.171247008289303
15.02801599026226
5.596608672181983
14.582108784458761
15.069698853548148
10.921060320692606
6.590948696645483
8.988936090916743
9.33629650970693
15.894021639136698
5.870958848754577
15.287339491077743
10.130679139157186
19.942876854643576
12.697129835852389
6.999534996521547
5.181321249007739
15.359529511233745
19.5517725601939
13.123306976998709
7.0123092326511784
5.616978350967964
5.655072597321461
7.744851198828352
5.55341192772942
19.403361992174947
7.843328792825783
20.06798515994515
5.085744917244241
14.483653755694474
9.984354330834707
17.344996677504017
17.962478268466192
7.99051827023006
4.68609002571328
18.40959654129563
21.96650356207203
11.947866451145297
16.701142202439243
12.087053164778075
7.3813952122984725
5.768361581520183
6.7548860634188825
13.87435757577413
13.22238578966467
16.90053358510317
9.140258505323672
18.22294754175488
29.70050415064719
10.495508407689945
8.188403601917438
6.705652522186544
8.370377876057354
14.077599168111828
6.973161120978604
20.61620942821255
4.716042870523771
19.621839101511423
18.71007207870871
7.982518833741381
7.890639583573299
16.765910010566483
16.76870090289784
10.491542415638445
6.1804235998632775
5.087370532735412
9.820593787272323
6.832561617044829
30.095311762743737
27.491905028309148
20.01479252602969
15.535714285714285
28.64435052494269
8.825639358134847
4.08899520169619
4.9509842559428545
8.115877592989474
17.030773816164853
10.716650452974237
20.62634250137568
30.257594274233135
27.815985049377673
6.943255030775803
9.250522921922093
9.388309584122483
29.271631040612988
29.76431997310005
9.603347502313936
7.865561132044308
10.152309398176149
10.8221758420134
20.11352512525555
3.9405207739130477
8.794356789294744
22.68177270303711
7.581413713921936
4.81492786483825
4.536686928711629
5.5468236500552015
17.482014606907033
22.74287952869752
9.353461649604094
11.811384801298363
16.929946353986256
13.237748948760231
6.5187210120696975
28.83587920459429
31.33691625575034
16.176703057017868
12.173965350906661
5.72264151943124
7.904052890269176
8.1843170817444
15.17787886580347
18.91094729706829
15.535714285714285
19.599048858897266
7.449871924309898
7.179850997932398
9.22553824132608
6.530151655528845
4.751923651696951
0.0
0.0
19.383150410591202
15.926113156366087
13.480403539724968
13.147681434491238
14.520803005601003
14.772151620352545
15.535714285714285
29.459002168591404
9.762219665933083
5.672640803595436
5.80231670564747
27.491395722712817
0.0
19.100222060063643
15.586690613772982
8.956755694411381
11.182332233733653
6.3755259235229795
8.484363541498189
16.020859956062022
22.142492829075998
12.203894002795053
6.6385662013750215
14.766849343626825
18.924015529424565
16.198249302306444
16.508681793270135
11.618556071750705
17.731053583080225
10.120064467790884
7.700785429349472
6.553758759342027
6.5147319211688375
19.58119950768446
8.161502677796912
4.460891488787246
10.966090748565813
13.622803089401534
4.292937333290866
4.853274129383617
5.241846118775452
27.515594931384406
29.061082554045917
7.6300822605667395
13.682486205032887
14.446722816159568
11.086955402154114
10.889833571245779
7.573612888730425
6.5519422576744795
6.56862869361081
3.391933633551358
4.605860514281994
7.7779802429416725
28.389328558489204
19.82622210180155
14.125503212833312
8.198505045027304
14.15965429657502
19.73304572853163
10.07405041422556
4.804271914059236
16.177450312331835
0.0
18.09247117644218
8.002480613305783
13.041706496695628
18.69615830182635
13.475768391513968
14.538994791163589
19.93981757373062
16.912587412587413
23.349603348807424
9.702427709496305
7.636138378311834
14.352970700893753
7.532153976944204
19.95500364695718
19.52436411443131
7.07435664821795
20.229565906231134
18.725823507682364
3.8693609361205423
6.49279465257062
19.51380095004337
17.08825086598456
6.950794195646547
16.062060204917394
3.750491017715189
14.759087584568423
27.211960784313725
18.97492003352766
9.550828827296534
10.47690991026598
14.054745707289984
6.375825971771304
18.2452131317486
16.524981701839657
17.558009775486937
23.761651096309702
14.733292701994886
5.728107483035642
17.42010204330015
15.760335418172046
8.311599499881158
11.354273326803826
18.483558823248885
7.7056738317296345
16.398276469237555
8.678421514687034
9.93210099155728
5.090477879060861
21.543133588773095
15.517370645854925
15.517370645854925
23.486297126308248
7.410196631272492
8.659252495607987
6.874979778879211
6.35730086862686
15.946132226211109
20.4895481252003
29.82852585540989
5.139350205464482
8.716979151843505
9.639026444047929
6.400602521159964
12.519973727800622
13.379331101339696
15.096706097535318
6.0231879699994435
5.083172340445583
5.726423356849908
10.122419013922899
14.297435708211365
17.31516732610338
3.236013135528539
14.995495215166754
10.256303541851882
7.642591259877681
8.770798699932108
19.507531784686726
30.7618451893687
16.698301698301698
21.30923578679084
4.083152021595203
30.379489282007718
30.671827244927837
6.819024740505018
8.925970775805785
22.27469156387492
3.422384369132371
21.664948914048
5.73971715141973
3.532424164248519
6.321561500183268
8.74509097539653
5.495326142733104
15.243283359219816
4.762829775600637
19.919554260761437
9.14297318475429
7.589582897698416
7.070164586780611
8.782207298509315
13.544443747486035
19.848345785183977
21.573006915263218
15.695542859480648
13.55553403140979
5.824259720682202
6.790957477734665
9.046282981251332
8.232208487472205
30.077450285978436
16.34812030075188
18.10902642004041
6.2304267417052275
8.209842987813028
6.4652377841885365
21.144476825356584
14.400475638716493
27.384862540141263
16.912587412587413
23.432510465118124
3.1514050946130077
3.667043786054746
5.953741409158408
3.5301401997035
21.395349526302798
5.523466260053092
5.523349337544421
21.76136969598569
4.742043108444227
6.098317258625903
30.142831657667603
20.5290266798419
7.19443649347117
8.607340410046003
19.250679637358953
5.136273163298589
10.855558879556474
13.809983385731327
15.886613506347292
6.71104348313583
27.761546366181626
18.681893446334556
21.25873776777257
6.3294468367158725
4.44844722340068
5.662722253288842
10.944539496567232
27.69925857184185
26.8879202988792
15.244058355940949
22.7020994038175
13.650234455488228
12.195062960683812
19.695646543540466
9.282927819820252
27.562217049984394
0.0
18.6554021997466
11.7000826156991
13.333092211018835
11.259192420268539
8.047187056864386
15.056690886251953
11.043059693400874
8.794356789294742
14.577648214045052
14.77378209128376
10.562465849909069
13.73395418071234
17.483062969850664
15.842166194311602
16.94494150200539
22.218435557043545
10.948165216413575
5.526982862326946
10.636206959909972
9.539273841607953
16.116013254382764
12.006428134208866
10.198987010023716
5.512361440157951
11.190871011127307
11.976305534347963
13.050383938185897
19.05215580338063
15.681223063440953
13.882466174578646
14.03066697159272
14.560703238326134
14.003772744328417
16.574027648961927
12.533789082753165
6.6240641267875215
20.122245732196713
14.42846099451733
11.380918367655516
9.307325155622504
14.874207294514127
19.229197974008613
28.595329232171338
18.959048831125834
7.570066239870361
9.545384979116943
29.973783922607595
30.176133879929054
7.8298406554205915
8.799565338851325
9.52836253882781
12.609197437936931
8.28292643233624
12.69956479123597
18.301721724817927
8.00493037585163
22.10594061162706
13.614442098706817
14.477339801661778
9.35637190358097
12.054960471371615
5.749199169594545
13.137128134580852
5.48518785600676
15.608054010632582
8.308148362110447e-17
20.432325718106952
15.186425570584847
14.472853928922694
15.707907215646985
19.88840307248083
21.257668793192803
13.912110537102842
8.700878742528992
15.142637302610417
8.480796753751061
17.180586339994658
19.568871925758163
30.050111655154513
29.82085031068202
10.165192195865563
20.122723915310942
14.644379155695125
12.372672380596526
8.551851769722413
18.702951303492377
16.85238095238095
17.73237816008422
17.961487454003674
13.700774639458551
13.121766617084416
7.463385960869553
6.326694442841281
27.305142968307152
19.90885780885781
0.0
15.535714285714285
0.0
0.0
0.0
0.0
15.535714285714285
17.77011760195425
26.8879202988792
0.0
0.0
16.806993006993007
0.0
2.0940384323212267
17.125
17.838762044407204
17.838762044407204
0.0
27.28185722202591
12.079255197673385
12.669886658712386
14.217976828053128
16.70007013768123
19.052115583075334
22.128649765486905
20.826157037160204
3.9405207739130486
14.04006446768651
14.103584293194222
14.85794781485586
15.752222025926454
16.34812030075188
0.0
16.698301698301698
19.387967146897417
17.58061162495261
16.109413462214967
9.82134906343757
5.290231245838189
8.182210037979521
8.558726732709294
10.872867545101014
11.098592836344586
13.987320602663104
2.707357188277542
9.92473615424155
