15.415956072054563
6.830634428787662
3.5278786364713888
6.8209971362127595
6.280325280846389
6.418184620205291
8.2034885187583
7.1485053032868935
6.715969604266401
12.340065092155125
21.378152411140125
15.832307503331412
7.7690409625107115
8.912730920568329
7.5197359571902656
3.3417775955989
4.116407180055647
2.738043420285463
6.031208143584227
4.809527768025057
4.600492388193862
7.337578841926794
9.46321155015422
7.670958750463432
6.101559757991601
5.169245801680428
10.323928612074189
9.867150265256415
12.167540095512388
7.706842912532668
17.34214432237775
11.853031621221472
10.31829713186556
2.769278072447047
11.830523797127443
11.10403861729142
5.594730649274335
